current
15.0
18.0
17.3
15.2
19.0
7.0
12.0
2.0
14.0
3.0
6.0
6.0
21.0
3.5
51.0
10.0
23.0
2.0
27.0
37.0
5.0
24.5
9.5
4.5
30.5
58.0
24.0
16.0
27.0
15.0
7.0
15.0
18.0
17.3
15.2
19.0
7.0
12.0
2.0
14.0
3.0
44.5
9.0
17.0
26.0
8.0
15.0
3.0
12.0
29.0
8.5
16.6
23.0
9.5
41.0
5.0
6.0
6.0
62.0
13.0
19.0
52.0
41.0
14.0
10.5
24.0
30.0
12.0
36.0
32.0
39.0
7.0
38.0
50.3
7.0
24.0
14.9
5.0
8.0
27.0
26.0
10.0
6.0
10.0
5.0
27.0
17.0
37.0
15.0
45.0
